[22,27,16,2,18,6] -> Insertion Sort sıralaması
[22,27,16,2,18,6] n
[22,16,27,2,18,6] n-1
[16,22,27,2,18,6] n-2
[16,22,2,27,18,6] n-3
[16,2,22,27,18,6] n-4
[2,16,22,27,18,6] n-5
[2,16,22,18,27,6] n-6
[2,16,18,22,27,6] n-7
[2,16,18,22,6,27] n-8
[2,16,18,6,22,27] n-9
[2,16,6,18,22,27] n-10
[2,6,16,18,22,27] 1

Big-O gösterimi: O(n^2)

Average Case

[7,3,5,8,2,9,4,15,6] -> Selection Sort
[7,3,5,8,2,9,4,15,6] 
[2,3,5,8,7,9,4,15,6]
[2,3,4,8,7,9,5,15,6]
[2,3,4,5,7,9,8,15,6]
[2,3,4,5,6,9,8,15,7]